1|1746136871|Daily block|0000000000000000000000000000000000000000000000000000000000000000|0000000000000000000000000000000000000000000000000000000000000000|1
2|1746236765|Daily block|0000000000000000000000000000000000000000000000000000000000000000|0000000000000000000000000000000000000000000000000000000000000000|1
3|1746323851|Daily block|0000000000000000000000000000000000000000000000000000000000000000|0000000000000000000000000000000000000000000000000000000000000000|1
4|1746409970|Daily block|0000000000000000000000000000000000000000000000000000000000000000|0000000000000000000000000000000000000000000000000000000000000000|1
5|1746496163|Daily block|0000000000000000000000000000000000000000000000000000000000000000|0000000000000000000000000000000000000000000000000000000000000000|1
6|1746582604|Daily block|0000000000000000000000000000000000000000000000000000000000000000|0000000000000000000000000000000000000000000000000000000000000000|1
7|1746669025|Daily block|0000000000000000000000000000000000000000000000000000000000000000|0000000000000000000000000000000000000000000000000000000000000000|1
8|1746755386|Daily block|0000000000000000000000000000000000000000000000000000000000000000|0000000000000000000000000000000000000000000000000000000000000000|1
9|1746841526|Daily block|0000000000000000000000000000000000000000000000000000000000000000|0000000000000000000000000000000000000000000000000000000000000000|1
10|1746928528|Daily block|0000000000000000000000000000000000000000000000000000000000000000|0000000000000000000000000000000000000000000000000000000000000000|1
11|1747014836|Daily block|0000000000000000000000000000000000000000000000000000000000000000|0000000000000000000000000000000000000000000000000000000000000000|1
